0 0.335546875 0.8798611111111111 0.08515625 0.14027777777777778
0 0.23515625 0.85625 0.1140625 0.029166666666666667
0 0.05390625 0.9715277777777778 0.071875 0.05416666666666667
0 0.21640625 0.9069444444444444 0.0984375 0.03611111111111111
0 0.602734375 0.9763888888888889 0.19765625 0.030555555555555555
0 0.60859375 0.9333333333333333 0.14375 0.03888888888888889
0 0.58671875 0.8625 0.159375 0.030555555555555555
0 0.5734375 0.81875 0.125 0.029166666666666667
0 0.616796875 0.7888888888888889 0.02578125 0.03888888888888889
0 0.946484375 0.7895833333333333 0.08359375 0.07083333333333333
0 0.863671875 0.8375 0.08515625 0.013888888888888888
0 0.793359375 0.8131944444444444 0.04453125 0.05416666666666667
