0 0.626171875 0.9736111111111111 0.21953125 0.022222222222222223
0 0.1859375 0.9611111111111111 0.1484375 0.016666666666666666
0 0.405078125 0.95 0.10703125 0.019444444444444445
0 0.317578125 0.9284722222222223 0.07734375 0.14305555555555555
0 0.392578125 0.8659722222222223 0.06484375 0.06527777777777778
0 0.421875 0.98125 0.0234375 0.0375
0 0.4890625 0.9375 0.059375 0.125
0 0.661328125 0.8645833333333334 0.03828125 0.04861111111111111
0 0.2375 0.8673611111111111 0.05 0.034722222222222224
0 0.816796875 0.9430555555555555 0.12421875 0.11388888888888889
