0 0.581640625 0.9111111111111111 0.04140625 0.17777777777777778
0 0.896875 0.9194444444444444 0.153125 0.15
0 0.76484375 0.7986111111111112 0.0921875 0.10277777777777777
0 0.0421875 0.7986111111111112 0.0828125 0.058333333333333334
0 0.901171875 0.7125 0.08046875 0.03333333333333333
0 0.784765625 0.6694444444444444 0.05546875 0.025
0 0.833984375 0.6895833333333333 0.03359375 0.020833333333333332
0 0.72890625 0.6458333333333334 0.0390625 0.022222222222222223
0 0.309765625 0.9152777777777777 0.05234375 0.09722222222222222
0 0.414453125 0.7319444444444444 0.03203125 0.06666666666666667
