0 0.68125 0.6222222222222222 0.059375 0.11388888888888889
0 0.621875 0.6125 0.05625 0.08333333333333333
0 0.622265625 0.5180555555555556 0.05703125 0.09166666666666666
0 0.62578125 0.4340277777777778 0.059375 0.12638888888888888
0 0.5828125 0.4756944444444444 0.03125 0.08194444444444444
0 0.582421875 0.6083333333333333 0.02109375 0.041666666666666664
0 0.58359375 0.6548611111111111 0.0234375 0.04583333333333333
0 0.562109375 0.5791666666666667 0.01796875 0.03888888888888889
0 0.565234375 0.6159722222222223 0.01484375 0.03194444444444444
0 0.565234375 0.6520833333333333 0.01640625 0.03194444444444444
