6 0.633203125 0.9416666666666667 0.06796875 0.11666666666666667
6 0.9625 0.7895833333333333 0.0734375 0.043055555555555555
6 0.878125 0.7479166666666667 0.0671875 0.04861111111111111
6 0.8 0.7097222222222223 0.03125 0.019444444444444445
6 0.946484375 0.7472222222222222 0.05703125 0.027777777777777776
6 0.5734375 0.7680555555555556 0.0234375 0.1
6 0.28984375 0.9479166666666666 0.0625 0.10416666666666667
6 0.34296875 0.8638888888888889 0.0421875 0.06111111111111111
6 0.4375 0.7083333333333334 0.025 0.041666666666666664
6 0.059375 0.7819444444444444 0.075 0.05
6 0.13203125 0.7451388888888889 0.065625 0.04583333333333333