6 0.30625 0.8965277777777778 0.078125 0.12361111111111112
6 0.369921875 0.7881944444444444 0.04609375 0.0875
6 0.31640625 0.7152777777777778 0.034375 0.03888888888888889
6 0.495703125 0.8131944444444444 0.00703125 0.1125
2 0.4453125 0.8673611111111111 0.075 0.0125
2 0.6234375 0.8131944444444444 0.11875 0.018055555555555554
2 0.612890625 0.7618055555555555 0.19140625 0.0125
6 0.621484375 0.93125 0.04921875 0.05416666666666667
6 0.60546875 0.98125 0.0546875 0.0375
6 0.9234375 0.9458333333333333 0.09375 0.09166666666666666
6 0.25703125 0.6472222222222223 0.0609375 0.03611111111111111