0 0.8015625 0.4048611111111111 0.08125 0.0875
0 0.80859375 0.4597222222222222 0.0796875 0.09166666666666666
0 0.8078125 0.51875 0.0796875 0.07361111111111111
0 0.8078125 0.5819444444444445 0.078125 0.06388888888888888
0 0.80859375 0.6479166666666667 0.0765625 0.06527777777777778
0 0.736328125 0.4479166666666667 0.04765625 0.05694444444444444
0 0.740625 0.49444444444444446 0.0484375 0.05555555555555555
0 0.739453125 0.5416666666666666 0.04609375 0.04722222222222222
0 0.7390625 0.5875 0.046875 0.044444444444444446
0 0.739453125 0.6326388888888889 0.04609375 0.04583333333333333
6 0.687109375 0.9055555555555556 0.09609375 0.18888888888888888