0 0.36484375 0.8166666666666667 0.05625 0.1
0 0.67265625 0.7201388888888889 0.0171875 0.02638888888888889
0 0.43515625 0.6895833333333333 0.0234375 0.0375
0 0.462109375 0.6430555555555556 0.01328125 0.019444444444444445
0 0.10234375 0.7576388888888889 0.075 0.034722222222222224
0 0.176171875 0.7215277777777778 0.07109375 0.0375
0 0.128125 0.6680555555555555 0.0765625 0.027777777777777776
0 0.832421875 0.8013888888888889 0.05703125 0.05277777777777778
0 0.9515625 0.7326388888888888 0.0703125 0.03194444444444444
0 0.880078125 0.7055555555555556 0.05703125 0.03611111111111111
