6 0.830859375 0.8666666666666667 0.04921875 0.05555555555555555
6 0.900390625 0.9354166666666667 0.02265625 0.020833333333333332
6 0.986328125 0.7555555555555555 0.02578125 0.013888888888888888
6 0.951953125 0.7388888888888889 0.03359375 0.016666666666666666
6 0.913671875 0.7215277777777778 0.03359375 0.015277777777777777
6 0.878515625 0.7069444444444445 0.03359375 0.016666666666666666
6 0.844140625 0.6902777777777778 0.02890625 0.016666666666666666
6 0.74375 0.6486111111111111 0.040625 0.019444444444444445
6 0.78984375 0.6784722222222223 0.021875 0.009722222222222222
6 0.709765625 0.6319444444444444 0.01796875 0.013888888888888888
6 0.68359375 0.6097222222222223 0.01875 0.013888888888888888