1 0.87265625 0.9104166666666667 0.2546875 0.17916666666666667
6 0.33515625 0.8263888888888888 0.071875 0.10277777777777777
2 0.44453125 0.7701388888888889 0.14375 0.0125
2 0.426953125 0.7472222222222222 0.08203125 0.013888888888888888
2 0.606640625 0.7701388888888889 0.13515625 0.0125
2 0.298828125 0.7458333333333333 0.12578125 0.016666666666666666
2 0.081640625 0.8291666666666667 0.10078125 0.011111111111111112
2 0.05546875 0.7486111111111111 0.0578125 0.013888888888888888
6 0.9703125 0.7951388888888888 0.059375 0.034722222222222224
6 0.905859375 0.7666666666666667 0.05703125 0.030555555555555555
3 0.8171875 0.7680555555555556 0.065625 0.027777777777777776
6 0.751171875 0.73125 0.02109375 0.0125
1 0.39609375 0.9354166666666667 0.703125 0.12916666666666668