0 0.254296875 0.9479166666666666 0.09140625 0.10416666666666667
0 0.33359375 0.8597222222222223 0.0640625 0.09166666666666666
0 0.448828125 0.8909722222222223 0.06953125 0.21805555555555556
0 0.56015625 0.9034722222222222 0.0578125 0.19305555555555556
0 0.619140625 0.91875 0.09140625 0.02638888888888889
0 0.63359375 0.9708333333333333 0.1234375 0.03611111111111111
0 0.6734375 0.8381944444444445 0.05 0.07916666666666666
0 0.740625 0.9270833333333334 0.071875 0.10138888888888889
0 0.357421875 0.71875 0.08359375 0.05138888888888889
0 0.820703125 0.8652777777777778 0.09140625 0.075
