0 0.334765625 0.9388888888888889 0.10234375 0.12222222222222222
0 0.454296875 0.7881944444444444 0.02421875 0.09583333333333334
0 0.54375 0.7756944444444445 0.0640625 0.09027777777777778
0 0.59453125 0.9125 0.1359375 0.175
0 0.405078125 0.8229166666666666 0.06796875 0.11805555555555555
0 0.183984375 0.8222222222222222 0.07890625 0.06111111111111111
0 0.028515625 0.9145833333333333 0.05546875 0.043055555555555555
0 0.85234375 0.80625 0.078125 0.05138888888888889
0 0.6625 0.7743055555555556 0.0734375 0.059722222222222225
0 0.2890625 0.8548611111111111 0.1453125 0.15694444444444444
